{
    "deviceCalibrations": [
        {
            "source": 0,
            "date": "05:34PM on January 18, 2019",
            "baseline": 0.059633972350815356,
            "cameras": [
                {
                    "distCoeffs": [
                        -0.41131700250265596,
                        0.20431571226616893,
                        -0.0001208049232763364,
                        -0.0001556937666397563,
                        -0.057713086108563814
                    ],
                    "cameraMatrix": [
                        425.5375794277271,
                        0.0,
                        333.2214981129602,
                        0.0,
                        424.393554856198,
                        255.23467082934198,
                        0.0,
                        0.0,
                        1.0
                    ],
                    "rectificationMatrix": [
                        0.9999336153387378,
                        0.005101358977058204,
                        -0.010331556135863564,
                        -0.00509598914643023,
                        0.999986866297949,
                        0.0005460093656957761,
                        0.010334205834062806,
                        -0.0004933236211148795,
                        0.9999464789785422
                    ],
                    "newCameraMatrix": [
                        425.02776872166817,
                        0.0,
                        370.3887691497803,
                        0.0,
                        0.0,
                        425.02776872166817,
                        225.2476634979248,
                        0.0,
                        0.0,
                        0.0,
                        1.0,
                        0.0
                    ]
                },
                {
                    "distCoeffs": [
                        -0.4137680982887855,
                        0.21027030921589332,
                        0.00021378267079319088,
                        -0.0009129747921445393,
                        -0.061685447549704564
                    ],
                    "cameraMatrix": [
                        426.52182183304734,
                        0.0,
                        343.9982054128266,
                        0.0,
                        425.6619825871383,
                        258.60170261109204,
                        0.0,
                        0.0,
                        1.0
                    ],
                    "rectificationMatrix": [
                        0.9999051128852121,
                        -0.0010741255293440055,
                        0.013733589492870166,
                        0.0010812156100383683,
                        0.999999286025056,
                        -0.0005088439673402791,
                        -0.0137330331251356,
                        0.0005236446559459044,
                        0.9999055603393043
                    ],
                    "newCameraMatrix": [
                        425.02776872166817,
                        0.0,
                        370.3887691497803,
                        -25.348499454254128,
                        0.0,
                        425.02776872166817,
                        225.2476634979248,
                        0.0,
                        0.0,
                        0.0,
                        1.0,
                        0.0
                    ]
                }
            ]
        },
        {
            "source": 1,
            "date": "05:34PM on January 18, 2019",
            "baseline": 0.059787637277899604,
            "cameras": [
                {
                    "distCoeffs": [
                        -0.4131090666550623,
                        0.2260888569772243,
                        -0.0005501905373515465,
                        0.00034074474134176535,
                        -0.08001130590999508
                    ],
                    "cameraMatrix": [
                        425.4449425896858,
                        0.0,
                        354.7244616060812,
                        0.0,
                        424.8321408990283,
                        260.90041071379,
                        0.0,
                        0.0,
                        1.0
                    ],
                    "rectificationMatrix": [
                        0.9999094590299262,
                        0.004236689786888731,
                        -0.012772008539379345,
                        -0.0042384316523474954,
                        0.9999910118331002,
                        -0.00010931669955986157,
                        0.012771430601490386,
                        0.0001634400871771948,
                        0.9999184285969176
                    ],
                    "newCameraMatrix": [
                        424.6360531302255,
                        0.0,
                        349.7691180109978,
                        0.0,
                        0.0,
                        424.6360531302255,
                        368.1498014032841,
                        0.0,
                        0.0,
                        0.0,
                        1.0,
                        0.0
                    ]
                },
                {
                    "distCoeffs": [
                        -0.40463775883175257,
                        0.19583178162623202,
                        -0.001767248680471521,
                        0.0015001337117927082,
                        -0.050800069423253796
                    ],
                    "cameraMatrix": [
                        424.80427085332826,
                        0.0,
                        344.050637937815,
                        0.0,
                        424.43996536142265,
                        265.82812577793595,
                        0.0,
                        0.0,
                        1.0
                    ],
                    "rectificationMatrix": [
                        0.9998802296727288,
                        0.005179430404144437,
                        0.014584231563564969,
                        -0.0051814816684650905,
                        0.9999865707429033,
                        0.00010286674765443867,
                        -0.014583502917009368,
                        -0.0001784223557656699,
                        0.9998936391477506
                    ],
                    "newCameraMatrix": [
                        424.6360531302255,
                        0.0,
                        349.7691180109978,
                        -25.39102741133163,
                        0.0,
                        424.6360531302255,
                        368.1498014032841,
                        0.0,
                        0.0,
                        0.0,
                        1.0,
                        0.0
                    ]
                }
            ]
        }
    ]
}